240 271
240 271
240 271
240 271
240 271
242 271
242 271
242 271
242 271
236 273
236 273
236 273
236 273
243 273
243 274
242 274
242 273
243 273
225 273
222 274
222 274
225 273
243 273
210 290
221 290
248 292
245 293
243 293
241 293
244 289
299 301
268 304
271 310
224 303
227 300
229 302
245 288
253 281
252 279
242 273
242 273
245 288
230 265
247 269
235 264
237 269
234 268
236 271
244 289
277 286
243 284
255 285
257 286
260 288
261 289
270 295
282 293
281 291
268 288
251 279
255 281
260 306
262 317
267 321
245 288
255 318
239 311
251 313
255 312
256 313
265 314
268 314
267 321
240 291
241 290
264 285
265 286
266 286
258 289
265 289
269 289
232 273
228 275
230 273
281 286
290 315
288 315
289 314
304 338
305 339
308 338
252 273
249 273
246 272
283 276
284 276
285 275
224 279
287 292
269 285
283 284
299 284
307 283
234 276
235 273
274 285
260 295
286 296
283 296
237 283
232 271
202 246
206 249
237 249
241 276
270 294
286 310
297 308
234 279
228 287
228 286
230 272
235 271
237 272
238 273
233 273
232 272
232 272
234 273
240 272
238 272
237 272
227 273
228 272
229 272
230 272
230 270
229 270
231 271
232 291
214 284
196 350
189 374
188 371
243 332
238 281
220 295
220 295
219 295
220 295
218 301
261 292
261 292
262 293
263 292
262 292
259 292
260 292
261 292
244 288
257 295
255 294
244 289
235 280
255 286
250 294
213 294
213 303
260 315
243 313
260 315
243 313
260 315
244 313
208 305
213 302
218 299
246 317
255 312
250 311
249 305
246 304
244 308
244 320
250 329
237 280
237 279
237 278
237 279
252 273
269 281
264 291
258 292
270 295
282 275
274 272
231 272
212 294
215 290
217 289
244 289
268 286
230 284
228 284
245 284
271 295
274 297
271 313
269 313
271 312
277 284
286 293
265 278
273 309
273 321
276 329
264 291
274 272
231 272
212 294
215 290
217 289