231 271
231 271
230 271
230 271
231 271
231 271
231 271
231 271
231 271
219 273
219 273
219 273
219 273
224 274
217 275
213 275
211 274
222 274
224 274
221 275
213 275
214 274
224 274
196 291
196 291
196 293
194 294
194 294
196 294
210 289
264 302
202 305
196 310
191 299
198 298
202 296
220 288
214 279
204 269
213 253
220 288
220 288
224 265
214 260
209 243
207 269
212 268
207 271
220 289
234 287
235 278
235 279
234 280
235 283
235 284
230 282
231 282
232 282
233 285
224 262
233 267
230 319
230 322
230 321
220 288
213 301
220 314
221 313
221 312
221 313
219 315
220 314
220 316
235 292
237 296
233 279
235 279
236 279
240 276
240 277
239 278
214 273
213 268
214 266
236 277
237 305
237 309
237 308
240 328
240 331
240 330
244 274
258 264
258 260
252 277
254 276
255 275
189 279
247 290
253 291
262 285
261 284
261 283
199 276
208 272
233 286
237 290
236 293
235 293
216 274
211 268
197 192
236 233
218 271
206 276
234 312
235 310
235 308
211 280
204 281
204 281
207 256
211 266
215 272
222 273
220 273
221 272
221 272
208 273
218 272
217 272
216 272
221 273
220 272
221 270
221 267
218 272
217 272
216 272
210 291
217 284
196 332
189 335
188 365
222 332
214 281
205 295
205 295
205 295
205 295
201 304
198 293
191 291
196 292
197 293
196 293
188 291
195 291
196 293
207 288
207 286
207 287
206 289
208 276
207 268
210 291
204 311
204 308
204 315
203 314
204 291
203 314
204 315
203 314
204 310
204 308
201 304
205 323
224 313
236 306
233 305
212 322
208 324
208 323
208 323
218 280
218 279
218 278
218 279
244 274
257 284
258 297
258 296
258 296
262 278
260 254
225 263
208 296
208 292
208 290
220 289
234 287
233 273
228 273
227 275
231 283
232 297
218 303
218 306
219 306
250 280
249 264
246 266
236 334
236 332
236 330
258 297
260 254
225 263
208 296
208 292
208 290