500 0
500 0
500 0
500 0
500 0
500 0
500 0
500 0
500 0
206 318
206 317
206 316
206 317
500 0
500 0
500 0
500 0
500 0
500 0
500 0
500 0
500 0
500 0
500 0
500 0
500 0
500 0
500 0
500 0
216 332
500 0
500 0
500 0
182 270
167 271
184 278
230 314
226 262
233 254
220 280
220 280
230 314
232 270
248 317
500 0
235 303
500 0
227 226
231 302
191 304
265 264
266 261
267 261
244 253
241 277
500 0
500 0
500 0
240 283
500 0
500 0
253 243
279 355
279 355
231 291
500 0
279 290
278 288
277 287
297 261
271 343
273 343
275 343
500 0
500 0
167 252
174 254
183 255
284 224
285 233
285 229
500 0
500 0
500 0
500 0
500 0
500 0
500 0
500 0
500 0
500 0
216 286
218 261
222 257
500 0
500 0
500 0
196 277
500 0
500 0
500 0
363 299
361 299
203 296
196 266
247 291
314 329
313 328
312 328
285 289
275 289
500 0
500 0
225 302
146 272
270 325
500 0
500 0
500 0
500 0
500 0
500 0
500 0
500 0
500 0
207 320
208 321
208 321
208 322
204 318
203 315
202 316
207 320
207 320
207 321
207 321
202 317
203 315
202 316
216 315
205 322
216 323
227 322
266 372
220 348
209 320
201 313
201 313
201 313
201 313
221 306
203 275
202 274
203 274
204 275
203 275
202 274
203 273
204 275
268 290
188 252
219 251
270 285
174 264
178 249
266 189
500 0
217 309
500 0
500 0
500 0
500 0
500 0
500 0
207 300
199 313
198 315
500 0
325 313
271 300
200 291
189 290
500 0
500 0
500 0
240 331
240 330
241 330
240 330
248 289
257 291
339 306
338 306
337 306
316 280
290 209
227 211
500 0
500 0
500 0
230 314
253 319
251 277
254 279
252 284
249 311
259 297
271 301
269 304
267 304
293 283
302 318
262 301
500 0
500 0
500 0
331 300
289 247
227 208
500 0
500 0
500 0