217 318
217 317
216 317
216 318
217 318
217 318
217 318
217 318
217 318
500 0
500 0
500 0
500 0
220 321
217 318
216 319
219 319
223 319
230 319
233 323
235 324
230 323
225 322
500 0
500 0
500 0
500 0
500 0
500 0
205 321
204 312
189 304
191 309
248 270
500 0
500 0
211 305
215 300
220 292
205 303
205 303
211 305
211 264
161 272
256 218
203 194
203 202
221 289
204 311
253 311
272 320
500 0
500 0
500 0
500 0
243 279
246 311
248 310
193 299
168 260
174 266
500 0
500 0
500 0
206 312
163 322
232 313
500 0
500 0
500 0
195 306
197 347
207 347
240 326
258 325
500 0
500 0
500 0
252 308
500 0
500 0
207 283
205 254
196 255
217 275
274 216
275 248
276 358
318 222
318 245
317 381
248 267
500 0
500 0
193 262
202 314
212 313
163 298
193 265
235 297
332 293
365 292
373 292
190 281
214 276
245 295
295 335
330 339
334 339
290 305
279 307
255 306
222 310
194 323
500 0
202 294
186 338
207 327
199 294
249 268
250 268
186 252
227 221
274 242
271 265
500 0
500 0
500 0
500 0
500 0
500 0
500 0
500 0
500 0
500 0
500 0
500 0
500 0
500 0
199 311
500 0
500 0
500 0
500 0
500 0
500 0
500 0
500 0
500 0
500 0
200 325
238 312
237 311
238 311
239 312
238 312
237 311
238 310
239 312
209 295
500 0
500 0
246 323
500 0
500 0
264 336
236 240
197 328
245 309
205 306
275 241
205 237
254 348
205 338
500 0
500 0
500 0
179 311
149 305
159 330
328 340
224 346
190 289
202 288
232 369
209 323
210 322
211 321
210 322
237 278
500 0
352 302
351 302
350 302
500 0
500 0
500 0
151 225
166 316
178 337
215 310
199 295
180 245
188 244
187 249
255 277
221 303
194 306
204 310
198 310
211 266
303 248
212 313
244 269
287 331
287 379
252 306
500 0
500 0
137 216
149 335
179 338