239 311
239 311
239 311
239 311
239 311
239 311
239 311
239 311
239 311
226 312
226 312
226 312
226 312
241 314
241 315
238 315
239 315
243 315
241 313
238 314
239 314
239 315
244 315
231 324
230 324
230 324
226 326
227 326
228 326
236 323
286 333
241 315
244 328
237 323
238 320
230 329
236 323
230 300
229 298
232 304
231 304
236 323
242 296
231 291
231 300
230 299
235 299
233 304
236 323
255 321
264 320
264 321
263 321
266 323
267 323
262 327
264 326
265 325
254 324
245 319
251 320
276 340
277 339
275 339
236 323
243 337
266 342
267 341
266 340
267 341
271 347
273 347
275 347
250 322
255 325
259 322
262 323
264 323
277 324
277 324
276 324
225 312
225 311
226 310
268 322
289 341
288 339
289 337
299 354
297 353
296 352
258 311
274 309
276 310
279 316
279 315
279 314
216 313
271 321
294 320
308 318
308 318
307 318
225 311
225 310
254 320
272 325
272 325
271 325
240 309
234 282
244 226
266 247
258 296
250 308
281 336
281 334
280 333
227 317
222 322
221 322
226 310
227 311
228 311
228 311
225 311
225 311
225 311
225 311
229 310
228 310
228 310
225 311
225 311
226 311
226 311
229 310
228 310
227 310
221 324
222 320
229 357
225 358
223 365
239 361
228 319
234 326
234 326
234 326
234 326
233 328
236 316
236 316
235 317
236 316
232 316
234 317
235 316
237 315
236 323
238 327
239 327
233 325
238 319
238 323
236 329
226 334
229 329
238 337
229 336
238 337
229 336
238 337
229 336
226 331
229 329
232 327
255 347
269 337
265 339
268 340
246 343
250 351
250 350
250 349
230 318
230 318
230 317
230 318
258 311
276 316
291 328
290 327
289 327
288 310
278 310
251 316
226 331
228 329
229 328
236 323
255 321
262 320
260 320
258 320
263 327
263 328
270 339
269 337
271 335
268 315
269 304
276 313
278 353
278 352
278 351
291 328
278 310
251 316
226 331
228 329
229 328