152 227
152 227
137 227
202 229
197 244
154 67
154 245
154 246
154 246
154 246
184 67
187 243
208 243
158 246
114 246
114 245
114 245
114 245
114 245
114 245
114 245
184 244
187 243
208 243
158 246
114 246
114 245
114 245
114 245
114 245
114 245
114 245
187 243
104 250
119 253
241 250
237 204
237 166
237 165
237 164
237 164
237 164
104 250
119 253
241 250
237 204
237 166
237 165
237 164
237 164
237 164
104 250
119 253
241 250
237 204
237 166
237 165
237 164
237 164
237 164
152 227
137 227
197 244
154 244
154 246
200 241
201 241
220 245
225 249
228 248
229 249
229 249
229 249
229 249
229 249
195 235
195 235
195 235
195 235
194 232
200 204
200 201
200 201
200 201
200 201
200 201
200 201
200 201
200 201
200 201
192 229
192 230
192 231
192 232
192 232
192 231
194 237
194 237
194 237
198 227
168 272
164 270
164 307
164 307
198 227
146 235
149 234
149 234
147 234
146 235
148 234
148 234
147 234
200 241
201 241
220 245
225 249
228 248
229 249
229 249
229 249
229 249
229 249
192 228
189 228
199 236
200 227
193 230
193 230
194 228
193 226
192 226
199 236
195 223
192 220
193 234
194 236
204 235
211 236
152 227
152 227
137 227
254 269
255 268
205 268
205 269
205 270
205 270
205 270
205 270
205 270
205 270
205 270
205 270
205 270
205 270
205 270
185 257
185 257
191 221
191 221
191 221
191 221
191 221
191 221
194 220
194 221
194 221
194 221
194 221
194 221
194 221
194 221
194 221
194 221
194 221
200 221
199 221
199 221
199 221
205 221
203 220
202 221
200 221
196 221
199 220
203 221
206 221
149 231
143 234
200 233
176 260
258 296
258 296
262 278
260 254
225 263
208 296
208 292
208 290
220 289
234 287
233 273
228 273
227 275
231 283
232 297
218 303
218 306
219 306
250 280
249 264
246 266
236 334
236 332
236 330
258 297
260 254
225 263
208 296
208 292
208 290
208 290
208 290
208 290
208 290
208 290
208 290
208 290
208 290
208 290
208 290
208 290
208 292
208 290
208 290
208 290
208 290
208 290
208 290
208 290